    unsorted:	 1.561888387 1.463871170 1.730221142 2.360218651 0.7548705997 3.488610344 3.984608551 7.236053340 10.49879564 11.04399138 12.55855833 12.76507506 20.43247234 21.84262862 26.81314524 31.29891289 30.94889547 36.44608109 38.29293856 39.53817117 46.10189086 50.34428686 66.47290326 69.73700770 95.32142938 127.7488656 12364.52041 12324.44009 12427.58241 12267.64334 12509.06705 12197.33705 12622.99231 12083.20044 12779.28069 12937.56592 12988.35203 13123.31578 13166.57649 13261.00744 11934.93992 13330.13004 13420.02589 11837.48911 11721.86035 13515.09459 11503.75304 11075.02343 14548.28744 9526.543905 15954.58663 8160.800808 1257.541448 1874.819157 16819.22576 4030.075431 4701.494432 17488.78151 17847.67765 18681.06603 19084.79234 449157.5660 436979.3686 434883.1450 465373.3554 730087.4137 702576.8102 935690.6404 3468727.897 4157902.574 4687223.250 7589052.841
      sorted:	 0.7548705997 1.463871170 1.561888387 1.730221142 2.360218651 3.488610344 3.984608551 7.236053340 10.49879564 11.04399138 12.55855833 12.76507506 20.43247234 21.84262862 26.81314524 30.94889547 31.29891289 36.44608109 38.29293856 39.53817117 46.10189086 50.34428686 66.47290326 69.73700770 95.32142938 127.7488656 1257.541448 1874.819157 4030.075431 4701.494432 8160.800808 9526.543905 11075.02343 11503.75304 11721.86035 11837.48911 11934.93992 12083.20044 12197.33705 12267.64334 12324.44009 12364.52041 12427.58241 12509.06705 12622.99231 12779.28069 12937.56592 12988.35203 13123.31578 13166.57649 13261.00744 13330.13004 13420.02589 13515.09459 14548.28744 15954.58663 16819.22576 17488.78151 17847.67765 18681.06603 19084.79234 434883.1450 436979.3686 449157.5660 465373.3554 702576.8102 730087.4137 935690.6404 3468727.897 4157902.574 4687223.250 7589052.841
