    unsorted:	 1.535036830 1.524044853 1.874143787 2.318404693 3.425547302 3.720767032 7.499066829 6.001740206 9.770071722 10.27921271 11.63844295 28.81972914 27.61576424 30.56026039 31.37222389 24.32478389 33.86439848 39.22534225 40.95263337 47.01902321 53.12286390 56.59444792 64.84673121 76.17643200 80.58039723 103.6214433 10268.06104 10249.24641 10309.84613 10224.50466 10404.30796 10480.74870 10113.40163 10021.72717 10574.84069 9890.568293 10712.30603 10776.25652 9816.860042 10903.97650 10955.62014 11016.88370 11073.76660 9701.447729 9665.945425 11202.29761 9358.692487 9089.206039 12648.30561 7639.672016 13044.95937 7166.368844 13886.18827 14062.56197 1590.320470 3353.755535 2700.670118 15809.40475 15855.24799 16307.42178 16180.05227 16716.20458 17138.66079 17443.92275 17538.60980 17669.54779 309218.2820 428033.6052 585965.7419 874043.2190 851307.4167 1136141.325 2864500.100 3365160.578 3642402.084 4182604.860 7144814.001
      sorted:	 1.524044853 1.535036830 1.874143787 2.318404693 3.425547302 3.720767032 6.001740206 7.499066829 9.770071722 10.27921271 11.63844295 24.32478389 27.61576424 28.81972914 30.56026039 31.37222389 33.86439848 39.22534225 40.95263337 47.01902321 53.12286390 56.59444792 64.84673121 76.17643200 80.58039723 103.6214433 1590.320470 2700.670118 3353.755535 7166.368844 7639.672016 9089.206039 9358.692487 9665.945425 9701.447729 9816.860042 9890.568293 10021.72717 10113.40163 10224.50466 10249.24641 10268.06104 10309.84613 10404.30796 10480.74870 10574.84069 10712.30603 10776.25652 10903.97650 10955.62014 11016.88370 11073.76660 11202.29761 12648.30561 13044.95937 13886.18827 14062.56197 15809.40475 15855.24799 16180.05227 16307.42178 16716.20458 17138.66079 17443.92275 17538.60980 17669.54779 309218.2820 428033.6052 585965.7419 851307.4167 874043.2190 1136141.325 2864500.100 3365160.578 3642402.084 4182604.860 7144814.001
